17 This is the control description for the whoami screen

1,3
OKAY.PCC
HLPBTN.PCC
RADIO.PCC

16,6
2,1
SMALL.GFT

4,180 5,200
6,70 7,208
12,1,0

18,0,0,6,1
6,170 7,200
10, Occupation 

18,0,0,6,0
4,14 5,14
6,80 7,220

9,2,42,50,0
19,25 10,Banker
19,-25 20,20
9,2,42,51,0
19,25 10,Blacksmith
19,-25 20,20
9,2,42,52,0
19,25 10,Carpenter
19,-25 20,20
9,2,42,53,0
19,25 10,Doctor
19,-25 20,20
9,2,42,54,0
19,25 10,Farmer
19,-25 20,20
9,2,42,55,0
19,25 10,Merchant
19,-25 20,20
9,2,42,56,0
19,25 10,Saddlemaker
19,-25 20,20
9,2,42,57,0
19,25 10,Teacher
19,-25 20,20

18,0,0,6,2
6,280 7,100
4,20 5,130
10,Name:
19,4 20,-2
18,0,0,6,0
11,10,0,10

18,0,0,6,1
6,465 7,215
10,The other people in your wagon:

18,0,0,6,0
6,400 7,240
11,10,0,11
20,20
11,10,0,12
20,20
11,10,0,13
20,20
11,10,0,14

6,425 7,360 4,28 5,88
8,0,2,5,0
6,220 7,270 4,46 5,42
8,1,0,6,59
